{
 "cells": [
  {
   "cell_type": "code",
   "execution_count": 1,
   "metadata": {},
   "outputs": [
    {
     "name": "stdout",
     "output_type": "stream",
     "text": [
      "A    1.0\n",
      "B    2.0\n",
      "C    3.0\n",
      "D    NaN\n",
      "E    5.0\n",
      "F    6.0\n",
      "dtype: float64\n"
     ]
    }
   ],
   "source": [
    "import numpy as np\n",
    "import pandas as pd\n",
    "s = pd.Series([1,2,3,np.nan, 5, 6], index=['A','B','C','D','E','F'])\n",
    "print(s)"
   ]
  },
  {
   "cell_type": "code",
   "execution_count": 2,
   "metadata": {},
   "outputs": [
    {
     "name": "stdout",
     "output_type": "stream",
     "text": [
      "  Emp_Id Gender  Age\n",
      "0    NaN      F   25\n",
      "1    NaN      M   27\n",
      "2    NaN      M   25\n",
      "0    NaN\n",
      "1    NaN\n",
      "2    NaN\n",
      "Name: Emp_Id, dtype: object\n",
      "nan\n"
     ]
    }
   ],
   "source": [
    "data = {'Gender': ['F', 'M', 'M'], 'Emp_ID': ['E01', 'E02', 'E03'], 'Age': [25,27,25]}\n",
    "df = pd.DataFrame(data, columns=['Emp_Id', 'Gender', 'Age'])\n",
    "print(df)\n",
    "print(df.Emp_Id)\n",
    "print(df.Emp_Id[0])"
   ]
  },
  {
   "cell_type": "code",
   "execution_count": null,
   "metadata": {},
   "outputs": [],
   "source": [
    "df1 = pd.read_csv('matches.csv')\n",
    "df2 = pd.read_csv('matches.txt')\n",
    "df3 = pd.read_csv('matches.xls')\n",
    "\n",
    "xlsx = pd.ExcelFile('filename.xls')\n",
    "sheet1_df = pd.read_excel(xlsx, 'Sheet1')\n",
    "sheet2_df = pd.read_excel(xlsx, 'Sheet2')\n",
    "\n",
    "df.to_csv('matches.csv', index=False)\n",
    "df.to_csv('matches.txt',sep='\\t', index=False)\n",
    "df.to_excel('matches.xlsx', sheet_name='Sheet1', index=False)"
   ]
  },
  {
   "cell_type": "code",
   "execution_count": 3,
   "metadata": {},
   "outputs": [
    {
     "data": {
      "text/html": [
       "<div>\n",
       "<style scoped>\n",
       "    .dataframe tbody tr th:only-of-type {\n",
       "        vertical-align: middle;\n",
       "    }\n",
       "\n",
       "    .dataframe tbody tr th {\n",
       "        vertical-align: top;\n",
       "    }\n",
       "\n",
       "    .dataframe thead th {\n",
       "        text-align: right;\n",
       "    }\n",
       "</style>\n",
       "<table border=\"1\" class=\"dataframe\">\n",
       "  <thead>\n",
       "    <tr style=\"text-align: right;\">\n",
       "      <th></th>\n",
       "      <th>Id</th>\n",
       "      <th>SepalLengthCm</th>\n",
       "      <th>SepalWidthCm</th>\n",
       "      <th>PetalLengthCm</th>\n",
       "      <th>PetalWidthCm</th>\n",
       "    </tr>\n",
       "  </thead>\n",
       "  <tbody>\n",
       "    <tr>\n",
       "      <th>count</th>\n",
       "      <td>150.000000</td>\n",
       "      <td>150.000000</td>\n",
       "      <td>150.000000</td>\n",
       "      <td>150.000000</td>\n",
       "      <td>150.000000</td>\n",
       "    </tr>\n",
       "    <tr>\n",
       "      <th>mean</th>\n",
       "      <td>75.500000</td>\n",
       "      <td>5.843333</td>\n",
       "      <td>3.054000</td>\n",
       "      <td>3.758667</td>\n",
       "      <td>1.198667</td>\n",
       "    </tr>\n",
       "    <tr>\n",
       "      <th>std</th>\n",
       "      <td>43.445368</td>\n",
       "      <td>0.828066</td>\n",
       "      <td>0.433594</td>\n",
       "      <td>1.764420</td>\n",
       "      <td>0.763161</td>\n",
       "    </tr>\n",
       "    <tr>\n",
       "      <th>min</th>\n",
       "      <td>1.000000</td>\n",
       "      <td>4.300000</td>\n",
       "      <td>2.000000</td>\n",
       "      <td>1.000000</td>\n",
       "      <td>0.100000</td>\n",
       "    </tr>\n",
       "    <tr>\n",
       "      <th>25%</th>\n",
       "      <td>38.250000</td>\n",
       "      <td>5.100000</td>\n",
       "      <td>2.800000</td>\n",
       "      <td>1.600000</td>\n",
       "      <td>0.300000</td>\n",
       "    </tr>\n",
       "    <tr>\n",
       "      <th>50%</th>\n",
       "      <td>75.500000</td>\n",
       "      <td>5.800000</td>\n",
       "      <td>3.000000</td>\n",
       "      <td>4.350000</td>\n",
       "      <td>1.300000</td>\n",
       "    </tr>\n",
       "    <tr>\n",
       "      <th>75%</th>\n",
       "      <td>112.750000</td>\n",
       "      <td>6.400000</td>\n",
       "      <td>3.300000</td>\n",
       "      <td>5.100000</td>\n",
       "      <td>1.800000</td>\n",
       "    </tr>\n",
       "    <tr>\n",
       "      <th>max</th>\n",
       "      <td>150.000000</td>\n",
       "      <td>7.900000</td>\n",
       "      <td>4.400000</td>\n",
       "      <td>6.900000</td>\n",
       "      <td>2.500000</td>\n",
       "    </tr>\n",
       "  </tbody>\n",
       "</table>\n",
       "</div>"
      ],
      "text/plain": [
       "               Id  SepalLengthCm  SepalWidthCm  PetalLengthCm  PetalWidthCm\n",
       "count  150.000000     150.000000    150.000000     150.000000    150.000000\n",
       "mean    75.500000       5.843333      3.054000       3.758667      1.198667\n",
       "std     43.445368       0.828066      0.433594       1.764420      0.763161\n",
       "min      1.000000       4.300000      2.000000       1.000000      0.100000\n",
       "25%     38.250000       5.100000      2.800000       1.600000      0.300000\n",
       "50%     75.500000       5.800000      3.000000       4.350000      1.300000\n",
       "75%    112.750000       6.400000      3.300000       5.100000      1.800000\n",
       "max    150.000000       7.900000      4.400000       6.900000      2.500000"
      ]
     },
     "execution_count": 3,
     "metadata": {},
     "output_type": "execute_result"
    }
   ],
   "source": [
    "df = pd.read_csv('iris.csv')\n",
    "df.describe()"
   ]
  },
  {
   "cell_type": "code",
   "execution_count": 4,
   "metadata": {},
   "outputs": [
    {
     "data": {
      "text/html": [
       "<div>\n",
       "<style scoped>\n",
       "    .dataframe tbody tr th:only-of-type {\n",
       "        vertical-align: middle;\n",
       "    }\n",
       "\n",
       "    .dataframe tbody tr th {\n",
       "        vertical-align: top;\n",
       "    }\n",
       "\n",
       "    .dataframe thead th {\n",
       "        text-align: right;\n",
       "    }\n",
       "</style>\n",
       "<table border=\"1\" class=\"dataframe\">\n",
       "  <thead>\n",
       "    <tr style=\"text-align: right;\">\n",
       "      <th></th>\n",
       "      <th>Id</th>\n",
       "      <th>SepalLengthCm</th>\n",
       "      <th>SepalWidthCm</th>\n",
       "      <th>PetalLengthCm</th>\n",
       "      <th>PetalWidthCm</th>\n",
       "    </tr>\n",
       "  </thead>\n",
       "  <tbody>\n",
       "    <tr>\n",
       "      <th>Id</th>\n",
       "      <td>1887.500000</td>\n",
       "      <td>25.782886</td>\n",
       "      <td>-7.492282</td>\n",
       "      <td>67.667785</td>\n",
       "      <td>29.832215</td>\n",
       "    </tr>\n",
       "    <tr>\n",
       "      <th>SepalLengthCm</th>\n",
       "      <td>25.782886</td>\n",
       "      <td>0.685694</td>\n",
       "      <td>-0.039268</td>\n",
       "      <td>1.273682</td>\n",
       "      <td>0.516904</td>\n",
       "    </tr>\n",
       "    <tr>\n",
       "      <th>SepalWidthCm</th>\n",
       "      <td>-7.492282</td>\n",
       "      <td>-0.039268</td>\n",
       "      <td>0.188004</td>\n",
       "      <td>-0.321713</td>\n",
       "      <td>-0.117981</td>\n",
       "    </tr>\n",
       "    <tr>\n",
       "      <th>PetalLengthCm</th>\n",
       "      <td>67.667785</td>\n",
       "      <td>1.273682</td>\n",
       "      <td>-0.321713</td>\n",
       "      <td>3.113179</td>\n",
       "      <td>1.296387</td>\n",
       "    </tr>\n",
       "    <tr>\n",
       "      <th>PetalWidthCm</th>\n",
       "      <td>29.832215</td>\n",
       "      <td>0.516904</td>\n",
       "      <td>-0.117981</td>\n",
       "      <td>1.296387</td>\n",
       "      <td>0.582414</td>\n",
       "    </tr>\n",
       "  </tbody>\n",
       "</table>\n",
       "</div>"
      ],
      "text/plain": [
       "                        Id  SepalLengthCm  SepalWidthCm  PetalLengthCm  \\\n",
       "Id             1887.500000      25.782886     -7.492282      67.667785   \n",
       "SepalLengthCm    25.782886       0.685694     -0.039268       1.273682   \n",
       "SepalWidthCm     -7.492282      -0.039268      0.188004      -0.321713   \n",
       "PetalLengthCm    67.667785       1.273682     -0.321713       3.113179   \n",
       "PetalWidthCm     29.832215       0.516904     -0.117981       1.296387   \n",
       "\n",
       "               PetalWidthCm  \n",
       "Id                29.832215  \n",
       "SepalLengthCm      0.516904  \n",
       "SepalWidthCm      -0.117981  \n",
       "PetalLengthCm      1.296387  \n",
       "PetalWidthCm       0.582414  "
      ]
     },
     "execution_count": 4,
     "metadata": {},
     "output_type": "execute_result"
    }
   ],
   "source": [
    "df = pd.read_csv('iris.csv')\n",
    "df.cov()"
   ]
  },
  {
   "cell_type": "code",
   "execution_count": 5,
   "metadata": {},
   "outputs": [
    {
     "data": {
      "text/html": [
       "<div>\n",
       "<style scoped>\n",
       "    .dataframe tbody tr th:only-of-type {\n",
       "        vertical-align: middle;\n",
       "    }\n",
       "\n",
       "    .dataframe tbody tr th {\n",
       "        vertical-align: top;\n",
       "    }\n",
       "\n",
       "    .dataframe thead th {\n",
       "        text-align: right;\n",
       "    }\n",
       "</style>\n",
       "<table border=\"1\" class=\"dataframe\">\n",
       "  <thead>\n",
       "    <tr style=\"text-align: right;\">\n",
       "      <th></th>\n",
       "      <th>Id</th>\n",
       "      <th>SepalLengthCm</th>\n",
       "      <th>SepalWidthCm</th>\n",
       "      <th>PetalLengthCm</th>\n",
       "      <th>PetalWidthCm</th>\n",
       "    </tr>\n",
       "  </thead>\n",
       "  <tbody>\n",
       "    <tr>\n",
       "      <th>Id</th>\n",
       "      <td>1.000000</td>\n",
       "      <td>0.716676</td>\n",
       "      <td>-0.397729</td>\n",
       "      <td>0.882747</td>\n",
       "      <td>0.899759</td>\n",
       "    </tr>\n",
       "    <tr>\n",
       "      <th>SepalLengthCm</th>\n",
       "      <td>0.716676</td>\n",
       "      <td>1.000000</td>\n",
       "      <td>-0.109369</td>\n",
       "      <td>0.871754</td>\n",
       "      <td>0.817954</td>\n",
       "    </tr>\n",
       "    <tr>\n",
       "      <th>SepalWidthCm</th>\n",
       "      <td>-0.397729</td>\n",
       "      <td>-0.109369</td>\n",
       "      <td>1.000000</td>\n",
       "      <td>-0.420516</td>\n",
       "      <td>-0.356544</td>\n",
       "    </tr>\n",
       "    <tr>\n",
       "      <th>PetalLengthCm</th>\n",
       "      <td>0.882747</td>\n",
       "      <td>0.871754</td>\n",
       "      <td>-0.420516</td>\n",
       "      <td>1.000000</td>\n",
       "      <td>0.962757</td>\n",
       "    </tr>\n",
       "    <tr>\n",
       "      <th>PetalWidthCm</th>\n",
       "      <td>0.899759</td>\n",
       "      <td>0.817954</td>\n",
       "      <td>-0.356544</td>\n",
       "      <td>0.962757</td>\n",
       "      <td>1.000000</td>\n",
       "    </tr>\n",
       "  </tbody>\n",
       "</table>\n",
       "</div>"
      ],
      "text/plain": [
       "                     Id  SepalLengthCm  SepalWidthCm  PetalLengthCm  \\\n",
       "Id             1.000000       0.716676     -0.397729       0.882747   \n",
       "SepalLengthCm  0.716676       1.000000     -0.109369       0.871754   \n",
       "SepalWidthCm  -0.397729      -0.109369      1.000000      -0.420516   \n",
       "PetalLengthCm  0.882747       0.871754     -0.420516       1.000000   \n",
       "PetalWidthCm   0.899759       0.817954     -0.356544       0.962757   \n",
       "\n",
       "               PetalWidthCm  \n",
       "Id                 0.899759  \n",
       "SepalLengthCm      0.817954  \n",
       "SepalWidthCm      -0.356544  \n",
       "PetalLengthCm      0.962757  \n",
       "PetalWidthCm       1.000000  "
      ]
     },
     "execution_count": 5,
     "metadata": {},
     "output_type": "execute_result"
    }
   ],
   "source": [
    "df = pd.read_csv('iris.csv')\n",
    "df.corr()"
   ]
  }
 ],
 "metadata": {
  "kernelspec": {
   "display_name": "Python 3",
   "language": "python",
   "name": "python3"
  },
  "language_info": {
   "codemirror_mode": {
    "name": "ipython",
    "version": 3
   },
   "file_extension": ".py",
   "mimetype": "text/x-python",
   "name": "python",
   "nbconvert_exporter": "python",
   "pygments_lexer": "ipython3",
   "version": "3.8.2"
  }
 },
 "nbformat": 4,
 "nbformat_minor": 4
}
